Initial matrix A
1    2    -2    6    
-3    -5    14    13    
1    2    -2    -2    
-2    -4    5    10    
Matrix L
1    0    0    0    
-3    1    0    0    
-2    0    1    0    
1    0    0    1    

Matrix U
1    2    -2    6    
0    1    8    31    
0    0    1    22    
0    0    0    -8    

Vector P = { 0 1 3 2 }
d = -8
Matrix L * U * P
1    2    -2    6    
-3    -5    14    13    
1    2    -2    -2    
-2    -4    5    10    

Reversed matrix 
-11.5    -2    18    42.5    
5.12    1    -8    -18.1    
-0.75    0    1    2.75    
0.125    -0    -0    -0.125    

A * A^-1 
1    0    0    0    
0    1    0    0    
0    0    1    0    
0    0    0    1    

x = { 492 -198 37 0.5 }
